98
77
67
63
9
1
44
10
81
40
56
89
40
81
66
37
84
73
66
39
98
48
41
8
4
47
23
6
74
78
60
99
1
24
64
43
25
6
95
96
1
19
43
23
5
88
33
72
9
46
10
7
86
21
18
17
82
23
76
45
27
44
20
0
95
82
56
11
50
42
41
90
96
24
4
31
17
85
26
32
98
8
80
7
81
54
14
72
7
6
99
31
0
27
4
72
89
94
29
95
18
77
58
69
40
24
59
45
98
72
20
84
88
39
88
56
10
57
19
76
20
97
55
92
52
46
64
71
3
44
8
48
9
40
7
79
96
82
4
32
0
98
67
24
51
99
67
8
27
29
11
99
30
19
17
29
95
45
52
44
42
97
74
36
72
79
64
85
46
71
61
28
20
62
16
90
94
64
98
34
78
63
83
51
58
30
63
21
85
77
81
86
62
80
6
55
93
19
18
37
4
35
99
2
58
85
57
79
53
93
28
52
68
85
89
38
32
7
82
11
47
92
70
35
83
45
52
75
80
82
48
95
13
52
57
51
71
37
30
6
86
48
33
71
37
18
33
78
2
9
66
87
54
62
90
44
